,Symbol,LTP,Change %,PC,change
0,RURU,880.0,10.0,799,81
1,SICL,2128.0,9.97,1935,193
2,SMATA,1282.0,9.95,1165,117
3,PROFL,222.0,9.9,202,20
4,SAPDBL,222.0,9.9,202,20
5,BARUN,324.0,9.83,295,29
6,IGI,1260.0,9.76,1147,113
7,BBC,6479.0,9.37,5923,556
8,SINDU,277.0,7.78,257,20
9,PICL,839.0,7.56,780,59
10,CHCL,687.0,7.34,640,47
11,SHINE,297.0,7.22,277,20
12,BFC,220.0,6.8,205,15
13,JLI,865.0,6.66,810,55
14,KRBL,219.0,6.31,206,13
15,RMDC,1252.0,6.1,1180,72
16,KSBBL,377.0,5.9,355,22
17,HGI,749.0,5.79,708,41
18,MLBL,303.0,5.57,287,16
19,EIC,759.0,4.98,722,37
20,NLG,1205.0,4.78,1150,55
21,PIC,1299.0,4.76,1239,60
22,AIL,892.0,4.69,852,40
23,KMCDB,1490.0,4.63,1424,66
24,PLIC,908.0,4.61,867,41
25,LGIL,820.0,4.59,784,36
26,SLICL,889.0,4.59,849,40
27,NLICL,1185.0,4.22,1137,48
28,LLBS,2465.0,4.05,2369,96
29,SIFC,284.0,4.03,272,12
30,GBBL,363.0,4.01,349,14
31,UIC,715.0,3.92,688,27
32,NRIC,1643.0,3.92,1581,62
33,RLI,715.0,3.92,688,27
34,NICL,826.0,3.9,794,32
35,LBBL,299.0,3.82,287,12
36,LICN,2415.0,3.65,2329,86
37,CFCL,260.0,3.59,250,10
38,CMF1,11.08,3.55,10,1
39,EICPO,383.0,3.51,370,13
40,SHPC,403.0,3.33,390,13
41,JBBL,287.0,3.24,277,10
42,GRDBL,225.0,3.21,218,7
43,MDB,387.0,3.2,375,12
44,GLBSL,1840.0,3.2,1782,58
45,GLICL,814.0,3.17,788,26
46,SIL,1274.0,3.16,1234,40
47,PRIN,889.0,3.13,862,27
48,PLI,813.0,3.04,789,24
49,MPFL,238.0,3.03,231,7
