,Symbol,LTP,Change %,PC,change
0,SMATA,1706.0,9.99,1551,155
1,RURU,1170.0,9.96,1064,106
2,GUFL,587.0,9.93,533,54
3,NFS,436.0,9.82,397,39
4,KRBL,262.0,9.62,239,23
5,RADHI,920.0,8.11,850,70
6,UMRH,385.0,7.84,357,28
7,BBC,7380.0,5.49,6995,385
8,BFC,254.0,4.96,241,13
9,AHPC,377.0,4.72,360,17
10,MLBBL,2338.0,4.19,2243,95
11,TRH,333.0,4.06,320,13
12,SLBSL,1617.0,3.99,1554,63
13,EDBL,581.0,3.94,558,23
14,GFCL,360.0,3.75,346,14
15,NHPC,205.0,3.54,197,8
16,UIC,746.0,3.47,720,26
17,OHL,478.0,3.46,462,16
18,SHL,215.0,2.87,209,6
19,CBL,252.0,2.86,244,8
20,GLBSL,2200.0,2.85,2139,61
21,SMFDB,1815.0,2.83,1765,50
22,DHPL,220.0,2.8,214,6
23,CCBL,260.0,2.77,252,8
24,SGI,805.0,2.29,786,19
25,SBI,409.0,2.0,400,9
26,KKHC,230.0,1.77,225,5
27,NBL,435.0,1.64,427,8
28,PCBL,444.0,1.6,437,7
29,NLICL,1280.0,1.59,1259,21
30,RSDC,920.0,1.55,905,15
31,BOKL,330.0,1.54,324,6
32,ALICL,1350.0,1.43,1330,20
33,NEF,12.71,1.27,12,0
34,LEMF,11.95,1.27,11,0
35,GMFBS,1775.0,1.25,1753,22
36,ACLBSL,1800.0,1.12,1780,20
37,JSLBB,3710.0,0.98,3673,37
38,SIGS2,12.67,0.96,12,0
39,NIBLPF,12.8,0.95,12,0
40,SRBL,322.0,0.94,319,3
41,KEF,10.04,0.9,9,1
42,FOWAD,2986.0,0.88,2959,27
43,JOSHI,231.0,0.87,229,2
44,SAND2085,1050.0,0.86,1041,9
45,SCB,599.0,0.84,594,5
46,NMBMF,1585.0,0.76,1573,12
47,SEF,12.49,0.73,12,0
48,NMBHF1,11.86,0.59,11,0
49,LUK,10.56,0.57,10,0
