,Symbol,LTP,Change %,PC,change
0,UNHPL,207.0,-5.05,218,-11
1,AKJCL,197.0,-3.9,204,-7
2,NABBC,624.0,-3.85,648,-24
3,GHL,204.0,-3.77,211,-7
4,NRN,763.0,-3.42,790,-27
5,LEC,374.0,-3.36,387,-13
6,GMFIL,290.0,-3.33,299,-9
7,KKHC,188.0,-3.09,193,-5
8,JOSHI,196.0,-2.97,201,-5
9,HDHPC,201.0,-2.9,207,-6
10,SFCL,274.0,-2.84,282,-8
11,NHPC,174.0,-2.79,178,-4
12,GLH,388.0,-2.76,399,-11
13,DHPL,182.0,-2.67,186,-4
14,LEMF,11.71,-2.42,12,0
15,SSHL,245.0,-2.39,250,-5
16,BNT,11375.0,-2.36,11649,-274
17,HPPL,423.0,-2.31,433,-10
18,NGPL,310.0,-2.21,317,-7
19,RRHP,396.0,-1.98,403,-7
20,MBLD2085,1052.0,-1.96,1073,-21
21,UMRH,312.0,-1.89,318,-6
22,NHDL,366.0,-1.88,373,-7
23,SHEL,435.0,-1.58,441,-6
24,GFCL,312.0,-1.58,317,-5
25,PPCL,316.0,-1.56,321,-5
26,MHNL,286.0,-1.38,290,-4
27,NIBSF1,13.6,-1.38,13,0
28,API,309.0,-1.28,313,-4
29,MEN,830.0,-1.19,839,-9
30,SPDL,340.0,-1.16,343,-3
31,HURJA,387.0,-1.02,390,-3
32,SAEF,14.53,-0.82,14,0
33,PFL,308.0,-0.65,310,-2
34,JSLBB,3661.0,-0.52,3680,-19
35,KEF,9.89,-0.4,9,0
36,GIMES1,16.29,-0.37,16,0
37,RLFL,273.0,-0.36,273,0
38,RBCLPO,16765.0,-0.21,16800,-35
39,MFLD85,1014.0,-0.1,1015,-1
40,SFMF,13.49,-0.07,13,0
