,Symbol,LTP,Change %,PC,change
0,NGPL,325.0,-6.88,349,-24
1,UPCL,252.0,-5.97,267,-15
2,UMHL,286.0,-5.92,303,-17
3,NHDL,397.0,-5.7,420,-23
4,RRHP,407.0,-5.35,430,-23
5,CFCL,271.0,-4.91,284,-13
6,SSHL,272.0,-4.9,286,-14
7,PROFL,255.0,-4.85,267,-12
8,SAPDBL,238.0,-4.8,250,-12
9,KPCL,377.0,-4.8,396,-19
10,CHL,365.0,-4.7,383,-18
11,GRDBL,244.0,-4.69,256,-12
12,SFCL,285.0,-4.68,298,-13
13,SHPC,409.0,-4.66,428,-19
14,UNHPL,226.0,-4.64,236,-10
15,MHNL,299.0,-4.47,312,-13
16,SINDU,280.0,-4.44,293,-13
17,NABBC,630.0,-4.4,658,-28
18,RLFL,284.0,-4.38,297,-13
19,HDHPC,221.0,-4.33,231,-10
20,SIFC,288.0,-4.32,301,-13
21,BARUN,357.0,-4.29,373,-16
22,MDB,428.0,-4.25,446,-18
23,PMHPL,272.0,-4.23,284,-12
24,NRN,763.0,-4.15,796,-33
25,SHEL,441.0,-4.13,459,-18
26,CORBL,722.0,-4.12,753,-31
27,SIC,1705.0,-4.05,1776,-71
28,LBBL,300.0,-3.85,312,-12
29,BNT,10800.0,-3.83,11230,-430
30,HPPL,427.0,-3.83,444,-17
31,API,327.0,-3.82,339,-12
32,RHPL,491.0,-3.73,510,-19
33,LEC,380.0,-3.55,393,-13
34,HURJA,396.0,-3.41,409,-13
35,AKPL,380.0,-3.31,393,-13
36,GLH,393.0,-3.2,405,-12
37,BPCL,454.0,-3.2,469,-15
38,SADBL,275.0,-3.17,284,-9
39,GHL,224.0,-3.03,230,-6
40,JBBL,290.0,-3.01,298,-8
41,SABSL,1905.0,-3.0,1963,-58
42,SMB,2470.0,-2.76,2540,-70
43,SJCL,458.0,-2.76,470,-12
44,GMFIL,307.0,-2.54,315,-8
45,RBCLPO,16300.0,-2.52,16721,-421
46,SICL,2148.0,-2.32,2199,-51
47,CIT,4145.0,-2.22,4239,-94
48,NRIC,1656.0,-2.19,1693,-37
49,SNLB,1758.0,-2.01,1794,-36
