,Symbol,LTP,Change %,PC,change
0,NTC,1389.0,-1.06838,1404,-15
1,UPPER,840.0,-1.06007,848,-8
2,SICL,2199.0,-0.945946,2220,-21
3,GBD80/81,1050.0,-0.943396,1059,-9
4,JLI,875.0,-0.568182,880,-5
5,NRN,796.0,-0.5,800,-4
6,SGI,787.0,-0.379747,790,-3
7,NIFRA,544.0,-0.3663,545,-1
8,BNT,11230.0,-0.363765,11270,-40
9,LEMF,11.8,-0.337838,11,0
10,LICN,2409.0,-0.330989,2417,-8
11,SAEF,14.6,-0.273224,14,0
12,MERO,1843.0,-0.270563,1848,-5
13,NCCB,369.0,-0.27027,369,0
14,SHIVM,1524.0,-0.26178,1527,-3
15,PCBL,437.0,-0.22831,437,0
16,PRVU,443.0,-0.225225,443,0
17,NICA,905.0,-0.220507,906,-1
18,RBCLPO,16722.0,-0.167164,16749,-27
19,NLG,1196.0,-0.166945,1198,-2
20,RBCL,19750.0,-0.111268,19771,-21
21,GILB,2879.0,-0.0347222,2879,0
