,Symbol,LTP,Change %,PC,change
0,HDHPC,231.0,10.0,209,22
1,SMATA,1551.0,10.0,1409,142
2,NHPC,198.0,10.0,179,19
3,SSHL,286.0,10.0,260,26
4,OHL,462.0,10.0,419,43
5,SHL,209.0,10.0,189,20
6,KPCL,396.0,10.0,359,37
7,MLBBL,2244.0,10.0,2039,205
8,BBC,6996.0,10.0,6359,637
9,BFC,242.0,10.0,219,23
10,GHL,231.0,10.0,209,22
11,NFS,397.0,9.9723,360,37
12,TRH,320.0,9.96564,290,30
13,RADHI,851.0,9.94832,774,77
14,NHDL,421.0,9.92167,383,38
15,RURU,1064.0,9.91736,967,97
16,UMRH,357.0,9.84615,325,32
17,UPCL,268.0,9.83607,243,25
18,PROFL,268.0,9.83607,243,25
19,BPCL,469.0,9.83607,426,43
20,SPDL,391.0,9.83146,356,35
21,GFCL,347.0,9.81013,315,32
22,RHPC,347.0,9.81013,315,32
23,MPFL,280.0,9.80392,255,25
24,DHPL,214.0,9.74359,194,20
25,UNHPL,237.0,9.72222,216,21
26,KKHC,226.0,9.70874,205,21
27,JFL,306.0,9.67742,278,28
28,AKJCL,227.0,9.66184,206,21
29,PMHPL,284.0,9.65251,258,26
30,SAPDBL,250.0,9.64912,228,22
31,KRBL,239.0,9.63303,217,22
32,JOSHI,229.0,9.56938,208,21
33,AHPC,360.0,9.42249,329,31
34,RLFL,297.0,8.79121,272,25
35,GMFIL,315.0,8.62069,289,26
36,SMFDB,1765.0,8.61539,1624,141
37,SADBL,284.0,8.39695,261,23
38,PPCL,370.0,8.18713,342,28
39,API,340.0,7.93651,314,26
40,SIFC,301.0,7.8853,279,22
41,PFL,329.0,7.86885,305,24
42,UMHL,304.0,7.80142,281,23
43,GRDBL,256.0,7.56302,238,18
44,MHNL,313.0,7.56014,290,23
45,IGI,1370.0,7.45098,1275,95
46,GUFL,534.0,7.44467,496,38
47,CIT,4239.0,6.88351,3965,274
48,NLICL,1260.0,6.77966,1180,80
49,NGPL,349.0,6.72783,326,23
